002900
003100
012879
013549
004635
007969
011984
007514
002905
013115
012028
003479
004512
018206
003106
011329
010937
007316
003167
019089
015222
014585
011009
012200
011355
011968
014968
018388
014041
017396
002942
007578
014218
008201
003220
004378
015942
004761
009086
001507
013963
007730
012880
002054
007590
009389
001977
012612
014027
007910
010169
007592
018723
004284
016857
002244
014046
018408
012154
005643
017321
009347
012580
012994
018504
008463
005390
008335
014612
016276
015247
008096
013519
003048
013251
017166
017490
001368
004580
005437
011427
011720
002156
014570
019116
013266
015176
013170
012329
014529
007526
009611
009146
014737
005267
009817
013038
006952
006187
007343
014586
004579
001683
001799
011944
014033
013434
015122
010212
012680
007445
010246
004904
013666
012036
009569
015162
011701
004715
009691
004434
004867
008722
008104
003391
014297
008558
005540
010234
014116
013692
009268
012281
014321
014051
008960
009551
007894
014286
008054
001784
005591
012432
007091
007372
003779
007178
014491
007588
012150
007663
009851
008044
013149
001389
007543
010271
007658
010402
009390
017360
013555
003718
008384
007761
007304
014521
008002
011973
018019
011892
006652
008090
013110
012179
015000
008482
004729
012882
010670
010943
013404
013319
011257
011983
012258
013042
012641
002317
007677
004061
014734
001782
007745
014401
009789
012476
013257
003272
013318
015267
014195
015104
015066
007983
014849
002312
011483
008020
010636
005356
008941
010950
005568
010734
011872
013794
017364
010441
003446
014504
002941
007369
015173
005344
012050
012001
011970
014866
004253
012450
008052
011754
010787
014215
012990
013238
016465
014814
011953
004503
010589
007382
011932
005598
012761
016956
007994
005068
015740
001315
008886
013056
008129
010672
005170
008377
003252
013495
012273
013339
014182
012699
010250
013924
002294
013835
018384
004795
002220
004509
016297
003780
013907
014549
016081
013485
013369
005454
011420
008492
012470
011346
010818
012837
013568
005874
014400
007377
008695
013642
011946
011264
011331
018345
008188
002994
009339
013759
013595
011262
004882
013975
015697
009164
012465
008801
014315
014334
009654
009819
009729
015219
018013
008656
014437
013760
003845
008358
007566
008363
005134
010416
011545
008036
014127
010218
013968
015739
012793
008583
007599
005028
014468
013500
012116
004387
011443
011245
014430
009173
016809
014428
016376
011895
015276
003448
007429
014461
013914
014713
007614
011316
006283
004368
017419
012236
005600
004513
012768
010729
014671
014736
011566
012436
013542
012169
014774
009037
008108
008890
008057
007695
013132
009700
010305
017728
001992
013734
018755
009406
009109
012696
011744
012462
011660
015089
008079
014695
009007
010593
010538
008213
009234
016823
011488
013287
009578
008273
004782
013203
014847
011673
017756
014609
009388
017253
009500
011881
013689
013125
014783
009378
012788
005167
007311
014156
007842
007863
010693
009034
011620
010613
012911
019318
014249
016666
011335
014969
004306
012972
011712
007988
014006
007740
005515
015260
005561
008999
007474
005752
014166
010191
004640
011975
004073
003852
013824
019267
011605
009959
012698
008207
013382
011302
011670
011444
013718
014013
018321
011691
004409
012827
011590
004668
009261
002237
004539
007888
007945
013288
013990
010727
007022
013537
002295
001420
011292
005002
008022
012221
007939
010566
006414
012293
009152
003410
005075
013443
014614
015381
013754
004790
003907
014293
012914
014744
007775
011649
010871
013600
011001
011958
014117
010590
007665
011607
008870
014290
019003
004603
014660
004744
014109
003598
008552
007702
007716
003911
004333
009858
011622
012875
008045
010702
017334
013558
013260
014416
011911
009559
010112
013705
012365
007853
008127
004876
009106
012238
007472
005483
014752
013151
015628
018205
008673
009925
002306
015254
007925
002091
015210
009804
011395
008119
014537
010635
011283
014185
009345
011365
002148
012004
010408
001523
001688
001584
015156
013124
015006
014257
004757
007408
008297
004943
004822
018554
015015
014383
001979
005094
010936
011985
014525
012173
011362
014464
009407
013473
011641
019365
004922
005526
011631
008688
007615
012592
015172
004199
004452
012192
011659
017791
013111
013921
008042
016126
012779
016232
001854
012965
006293
011434
004778
004038
014294
003027
014683
006863
019091
014237
008376
014015
009572
008086
013349
013445
002158
015261
017975
002016
005641
013886
012459
008247
005305
007647
011762
013000
004561
011866
015779
008627
009621
013514
012874
014190
005087
013892
013672
002192
016507
005157
003468
012575
009939
005292
003049
011572
011450
008545
016912
010642
014568
007511
011368
012597
008348
009429
012320
012416
008151
003198
004260
014454
012877
008572
005462
013363
009057
015997
014509
009266
013661
003976
011493
013402
011743
013983
014240
014344
017894
012830
018600
009331
010533
012294
004955
007707
009627
014749
003738
012724
017957
010921
009265
001651
012967
015126
007737
014571
018892
008318
011407
003755
013550
008517
014420
007571
010268
009737
011554
009486
008049
009130
015353
007158
011858
013698
014145
017808
014267
011751
007344
011328
003832
013954
009554
006039
011366
013647
014211
014551
004272
008040
018557
010812
011251
010794
012318
013440
012085
013227
005125
015423
005311
011938
011807
013053
012884
016517
015150
014386
003817
013805
008353
011522
012272
001402
001767
001419
015209
014661
008009
009105
015280
014682
007804
007388
008029
007892
010753
013373
018080
017536
019212
014174
009574
004116
011822
007148
010779
004549
014626
010432
015297
014110
001835
009784
009191
009599
008062
015278
014393
014054
011409
002957
014196
008771
006969
013401
003742
007972
007755
013532
014620
011275
010071
005252
010997
003775
017416
014762
014448
017705
012795
015228
005607
014001
015256
014353
014748
011788
004676
017562
002241
014663
019175
008922
007349
007996
003014
012353
012349
007094
001536
002180
017916
012919
011304
012527
015263
016427
011747
009955
014545
011345
010228
012335
011312
017631
013724
016048
012188
013039
010916
014636
015035
007805
014440
012583
012835
015185
001433
005488
013256
010804
011705
010508
015161
003906
005172
001575
017508
018824
008195
015154
010052
014164
016904
013967
003714
011239
009425
008631
009906
011295
005283
014012
011377
003279
007335
016609
015251
007460
011780
013735
009386
013080
018631
006171
018285
011860
012456
003212
017155
014203
014244
007362
014172
002227
003807
012316
014077
018472
014073
009728
016313
008393
001710
007469
014476
015212
012455
008876
007831
007602
013471
005113
006685
001806
014474
009272
007585
011645
011509
001466
012497
011800
007045
012559
013582
005547
015098
011561
015221
011396
003651
015158
001786
017657
008154
015148
013581
014724
016646
003173
014287
001704
005046
012754
017110
006832
015938
007824
016183
014606
015155
014271
014684
003165
007940
012644
005208
008795
011573
002190
013267
011810
013766
008652
013618
014024
014445
013755
007731
014658
007299
011638
008418
