002900
003100
012879
013549
004635
007969
011984
007514
002905
013115
012028
003479
004512
018206
003106
011329
010937
007316
003167
019089
015222
014585
011009
012200
011355
011968
014968
018388
014041
017396
002942
007578
014218
008201
003220
004378
015942
004761
009086
001507
013963
007730
012880
002054
007590
009389
001977
012612
014027
007910
010169
007592
018723
004284
016857
002244
014046
018408
012154
005643
017321
009347
012580
012994
018504
008463
005390
008335
014612
016276
015247
008096
013519
003048
013251
017166
017490
001368
004580
005437
011427
011720
002156
014570
019116
013266
015176
013170
012329
014529
007526
009611
009146
014737
005267
009817
013038
006952
006187
007343
