001295
001299
001300
001308
001311
001315
001317
001318
001321
001322
001327
001328
001330
001333
001334
001338
001341
001347
001351
001359
001361
001362
001366
001368
001370
001374
001380
001383
001387
001389
001390
001395
001399
001402
001403
001405
001411
001414
001415
001418
001419
001420
001426
001429
001430
001433
001434
001436
001441
001442
001447
001455
001458
001466
001470
001472
001474
001475
001477
001480
001482
001484
001492
001493
001495
001502
001503
001504
001507
001511
001512
001523
001528
001530
001536
001557
001559
001560
001565
001572
001573
001575
001582
001584
001592
001602
001610
001614
001615
001618
001620
001621
001624
001625
001632
001634
001637
001643
001651
001652
001654
001659
001665
001667
001672
001676
001683
001684
001685
001687
001688
001689
001690
001691
001694
001695
001696
001697
001704
001706
001707
001709
001710
001714
001715
001716
001719
001721
001722
001731
001736
001740
001746
001747
001754
001757
001758
001759
001760
001767
001776
001780
001782
001783
001784
001786
001787
001793
001795
001799
001804
001806
001807
001815
001817
001818
001820
001823
001827
001828
001834
001835
001836
001844
001845
001847
001850
001853
001854
001856
001858
001866
001872
001875
001876
001877
001880
001881
001882
001883
001884
001887
001890
001898
001899
001900
001903
001906
001916
001917
001923
001926
001928
001930
001933
001935
001942
001943
001946
001953
001954
001958
001962
001963
001973
001975
001977
001979
001980
001985
001987
001990
001992
001993
001995
002001
002004
002005
002008
002009
002016
002017
002018
002020
002027
002028
002030
002031
002032
002035
002041
002043
002045
002049
002054
002056
002057
002060
002061
002063
002065
002071
002073
002076
002077
002079
002084
002085
002087
002089
002091
002096
002098
002102
002105
002106
002109
002111
002112
002115
002126
002127
002135
002138
002139
002145
002147
002148
002152
002156
002157
002158
002159
002160
002161
002163
002165
002171
002173
002175
002177
002180
002182
002185
002186
002188
002190
002192
002197
002198
002200
002201
002202
002206
002208
002209
002211
002212
002214
002215
002218
002220
002223
002226
002227
002230
002231
002232
002234
002237
002241
002242
002243
002244
002249
002252
002256
002258
002261
002264
002266
002272
002274
002277
002278
002279
002281
002283
002284
002289
002290
002294
002295
002296
002298
002302
002305
002306
002307
002309
002310
002311
002312
002317
002318
002320
002321
002324
002325
002330
002331
002333
002880
002886
002892
002893
002900
002902
002903
002904
002905
002913
002914
002915
002920
002924
002928
002933
002941
002942
002943
002953
002957
002962
002963
002966
002970
002972
002977
002980
002981
002987
002989
002991
002994
002995
003000
003002
003004
003005
003009
003010
003011
003014
003016
003017
003018
003023
003027
003035
003037
003039
003048
003049
003051
003059
003062
003068
003070
003071
003077
003080
003082
003085
003086
003100
003101
003102
003106
003112
003116
003118
003123
003127
003132
003133
003139
003143
003150
003161
003165
003167
003168
003170
003172
003173
003175
003178
003186
003190
003198
003207
003209
003212
003214
003220
003221
003225
003235
003240
003242
003250
003252
003253
003254
003257
003266
003269
003270
003271
003272
003274
003278
003279
003280
003287
003297
003304
003315
003323
003324
003326
003328
003338
003339
003353
003356
003358
003360
003361
003376
003378
003379
003384
003391
003394
003403
003408
003410
003413
003432
003433
003434
003441
003446
003448
003453
003458
003459
003463
003468
003473
003479
003486
003500
003501
003503
003513
003518
003519
003537
003546
003547
003549
003554
003555
003563
003565
003566
003571
003575
003585
003586
003587
003598
003602
003605
003611
003612
003615
003620
003626
003631
003639
003649
003651
003653
003659
003666
003667
003670
003672
003676
003685
003686
003697
003698
003701
003704
003714
003716
003718
003725
003727
003730
003733
003736
003738
003740
003741
003742
003743
003749
003753
003754
003755
003757
003758
003760
003761
003768
003773
003775
003779
003780
003783
003786
003791
003792
003793
003797
003799
003802
003803
003804
003805
003807
003817
003818
003820
003823
003826
003827
003831
003832
003838
003839
003840
003845
003852
003858
003861
003868
003871
003888
003892
003895
003897
003899
003906
003907
003911
003913
003915
003917
003934
003964
003965
003967
003970
003976
003988
003989
003993
004004
004008
004011
004012
004013
004016
004018
004019
004020
004021
004022
004023
004024
004033
004038
004041
004044
004045
004050
004054
004055
004061
004069
004073
004074
004086
004088
004090
004091
004092
004096
004097
004107
004113
004114
004116
004118
004121
004125
004129
004138
004140
004146
004147
004149
004154
004156
004157
004158
004165
004172
004174
004183
004188
004192
004195
004199
004200
004210
004213
004216
004219
004223
004239
004241
004242
004246
004248
004253
004255
004256
004259
004260
004264
004266
004272
004277
004282
004284
004288
004291
004295
004296
004299
004300
004303
004306
004310
004315
004322
004332
004333
004336
004339
004340
004347
004352
004353
004360
004361
004365
004368
004371
004372
004373
004377
004378
004384
004387
004394
004406
004408
004409
004413
004414
004418
004426
004434
004441
004443
004446
004449
004452
004456
004461
004471
004473
004484
004485
004486
004489
004492
004496
004499
004503
004504
004506
004509
004512
004513
004514
004518
004519
004522
004523
004524
004526
004527
004528
004529
004530
004532
004535
004536
004539
004542
004549
004552
004553
004555
004560
004561
004566
004574
004575
004576
004579
004580
004581
004585
004593
004594
004595
004597
004599
004603
004604
004606
004609
004610
004612
004624
004625
004631
004632
004635
004640
004643
004645
004649
004651
004652
004655
004657
004658
004660
004664
004665
004668
004674
004676
004677
004688
004695
004697
004699
004706
004707
004709
004712
004713
004714
004715
004716
004723
004724
004727
004729
004731
004733
004742
004744
004748
004750
004753
004755
004757
004758
004761
004763
004768
004775
004776
004778
004781
004782
004789
004790
004792
004794
004795
004797
004798
004801
004802
004803
004804
004805
004807
004808
004814
004817
004821
004822
004825
004832
004833
004834
004841
004846
004847
004855
004856
004861
004862
004864
004865
004866
004867
004868
004869
004873
004874
004876
004877
004878
004879
004880
004882
004886
004887
004888
004890
004899
004901
004902
004904
004906
004909
004910
004914
004921
004922
004923
004924
004932
004942
004943
004944
004948
004955
004957
004965
004967
004968
004972
004977
004978
004980
004983
004986
004989
004990
004993
004996
004997
004998
005000
005002
005010
005015
005016
005025
005028
005034
005035
005036
005037
005046
005048
005051
005052
005053
005054
005058
005064
005068
005070
005071
005073
005074
005075
005077
005082
005083
005086
005087
005094
005095
005102
005103
005104
005107
005109
005111
005113
005115
005118
005120
005125
005130
005131
005134
005135
005136
005141
005144
005145
005146
005152
005153
005157
005159
005162
005164
005167
005170
005172
005174
005175
005177
005178
005180
005181
005182
005187
005188
005194
005208
005212
005213
005214
005215
005218
005220
005222
005224
005225
005227
005228
005230
005231
005235
005239
005240
005241
005243
005245
005247
005252
005253
005255
005257
005260
005261
005267
005268
005269
005273
005274
005275
005277
005279
005280
005281
005283
005285
005289
005292
005294
005298
005299
005303
005305
005306
005308
005309
005311
005315
005317
005325
005331
005334
005336
005337
005339
005340
005344
005345
005350
005356
005360
005362
005365
005370
005372
005378
005382
005384
005390
005392
005393
005402
005407
005414
005415
005417
005418
005419
005420
005422
005424
005427
005429
005431
005434
005435
005437
005448
005449
005453
005454
005455
005456
005460
005461
005462
005463
005465
005468
005469
005474
005475
005483
005485
005488
005493
005495
005501
005502
005503
005515
005520
005521
005523
005526
005528
005533
005536
005537
005538
005539
005540
005541
005543
005546
005547
005549
005552
005553
005556
005561
005563
005564
005565
005568
005571
005574
005577
005578
005579
005580
005582
005583
005589
005591
005592
005593
005594
005598
005599
005600
005604
005605
005607
005616
005619
005621
005623
005628
005629
005630
005631
005635
005641
005642
005643
005752
005771
005774
005781
005827
005840
005855
005874
005902
005940
005943
005963
005971
005983
006020
006039
006040
006082
006135
006143
006156
006160
006171
006187
006220
006223
006226
006256
006276
006283
006291
006293
006354
006414
006537
006569
006577
006578
006581
006591
006593
006596
006605
006608
006609
006612
006614
006634
006636
006641
006642
006648
006652
006656
006657
006661
006662
006670
006672
006675
006677
006681
006685
006686
006689
006702
006705
006707
006708
006719
006728
006734
006738
006761
006784
006785
006791
006799
006800
006805
006806
006807
006816
006817
006819
006820
006821
006824
006832
006834
006840
006844
006845
006847
006863
006866
006881
006889
006896
006916
006917
006922
006932
006933
006942
006944
006946
006952
006955
006957
006968
006969
006971
006974
006977
006989
007005
007013
007018
007022
007024
007045
007046
007047
007059
007062
007077
007079
007089
007091
007094
007095
007113
007116
007123
007125
007130
007131
007136
007137
007138
007140
007145
007146
007148
007149
007150
007151
007152
007153
007154
007156
007157
007158
007160
007162
007163
007165
007166
007168
007169
007170
007173
007174
007176
007177
007178
007180
007183
007184
007188
007191
007192
007193
007194
007198
007199
007200
007201
007203
007204
007208
007210
007215
007216
007217
007218
007219
007223
007225
007227
007230
007232
007233
007235
007236
007237
007239
007241
007242
007243
007244
007245
007247
007248
007249
007250
007251
007252
007253
007254
007256
007258
007260
007265
007268
007271
007274
007275
007276
007278
007279
007284
007285
007287
007288
007289
007290
007291
007292
007294
007295
007297
007299
007300
007303
007304
007305
007306
007308
007309
007311
007312
007313
007315
007316
007318
007319
007321
007322
007325
007328
007329
007330
007331
007332
007334
007335
007336
007337
007339
007343
007344
007346
007349
007351
007352
007354
007355
007356
007357
007358
007359
007360
007361
007362
007363
007364
007366
007367
007368
007369
007372
007374
007375
007376
007377
007378
007379
007380
007382
007384
007388
007389
007390
007391
007394
007396
007398
007399
007400
007401
007404
007405
007406
007407
007408
007410
007411
007412
007415
007416
007417
007420
007422
007425
007426
007427
007429
007430
007431
007433
007435
007436
007437
007438
007439
007441
007442
007443
007444
007445
007447
007448
007451
007452
007453
007454
007455
007456
007457
007458
007460
007461
007464
007466
007468
007469
007470
007472
007474
007475
007476
007478
007481
007482
007483
007485
007486
007487
007488
007489
007490
007492
007493
007494
007495
007498
007499
007500
007501
007504
007505
007506
007507
007508
007510
007511
007513
007514
007516
007519
007520
007522
007524
007526
007529
007532
007533
007535
007536
007538
007540
007541
007542
007543
007544
007545
007546
007549
007551
007552
007553
007555
007556
007560
007561
007563
007566
007567
007568
007569
007570
007571
007572
007574
007575
007577
007578
007580
007581
007582
007583
007585
007586
007588
007590
007591
007592
007594
007596
007598
007599
007600
007602
007604
007606
007609
007612
007613
007614
007615
007616
007617
007618
007619
007620
007622
007623
007625
007627
007628
007629
007630
007631
007632
007634
007635
007638
007640
007643
007646
007647
007649
007651
007655
007657
007658
007663
007665
007666
007668
007670
007672
007674
007675
007676
007677
007678
007679
007680
007681
007683
007686
007688
007690
007692
007695
007696
007699
007700
007701
007702
007705
007706
007707
007709
007710
007712
007713
007714
007716
007717
007722
007723
007726
007727
007728
007730
007731
007732
007733
007734
007735
007736
007737
007738
007740
007741
007745
007747
007748
007749
007750
007751
007752
007754
007755
007756
007757
007758
007760
007761
007762
007765
007766
007768
007769
007770
007772
007773
007774
007775
007777
007778
007781
007782
007786
007788
007789
007791
007792
007793
007794
007795
007797
007798
007804
007805
007806
007808
007809
007810
007812
007816
007817
007820
007821
007822
007824
007826
007827
007828
007829
007830
007831
007833
007834
007835
007837
007840
007841
007842
007844
007845
007847
007850
007853
007855
007856
007858
007860
007862
007863
007864
007865
007868
007869
007870
007871
007872
007873
007874
007875
007877
007878
007879
007880
007881
007882
007883
007886
007887
007888
007889
007892
007893
007894
007895
007896
007897
007898
007900
007901
007908
007909
007910
007911
007913
007914
007915
007916
007917
007918
007920
007921
007922
007923
007924
007925
007926
007927
007928
007930
007932
007934
007935
007936
007938
007939
007940
007941
007943
007944
007945
007948
007949
007950
007952
007953
007956
007957
007960
007961
007962
007963
007964
007966
007968
007969
007970
007971
007972
007974
007976
007978
007979
007981
007982
007983
007984
007985
007986
007987
007988
007989
007990
007991
007993
007994
007996
007997
007998
007999
008000
008002
008003
008005
008006
008007
008008
008009
008011
008012
008013
008014
008016
008018
008019
008020
008021
008022
008023
008025
008026
008029
008030
008033
008034
008036
008037
008038
008040
008041
008042
008043
008044
008045
008047
008048
008049
008052
008053
008054
008057
008058
008059
008062
008063
008064
008065
008066
008067
008068
008071
008073
008074
008075
008076
008078
008079
008081
008083
008084
008086
008088
008089
008090
008091
008092
008094
008095
008096
008097
008098
008099
008101
008102
008104
008105
008106
008108
008109
008111
008112
008113
008117
008119
008120
008121
008124
008125
008126
008127
008129
008130
008131
008132
008134
008135
008136
008137
008140
008141
008142
008143
008145
008147
008148
008149
008151
008154
008155
008156
008157
008158
008159
008160
008164
008165
008169
008170
008171
008172
008173
008177
008180
008181
008182
008185
008188
008190
008191
008192
008195
008196
008200
008201
008206
008207
008209
008213
008216
008218
008221
008222
008226
008227
008228
008229
008233
008235
008236
008240
008244
008245
008247
008254
008258
008267
008272
008273
008275
008279
008280
008281
008283
008286
008287
008297
008300
008302
008308
008309
008316
008318
008319
008323
008327
008328
008332
008335
008342
008343
008344
008345
008346
008348
008353
008355
008357
008358
008363
008366
008372
008376
008377
008378
008379
008381
008382
008383
008384
008386
008393
008402
008405
008406
008407
008408
008410
008418
008420
008422
008427
008428
008429
008431
008435
008436
008438
008441
008442
008444
008445
008456
008458
008460
008462
008463
008467
008471
008477
008482
008484
008489
008491
008492
008493
008511
008514
008515
008516
008517
008526
008527
008528
008530
008531
008533
008534
008536
008545
008547
008551
008552
008558
008559
008560
008567
008569
008572
008582
008583
008584
008585
008586
008587
008590
008592
008596
008599
008601
008602
008605
008607
008614
008615
008619
008621
008622
008625
008626
008627
008631
008633
008636
008641
008644
008652
008653
008656
008658
008664
008665
008668
008669
008672
008673
008676
008678
008679
008682
008688
008689
008691
008695
008697
008699
008700
008703
008706
008711
008715
008720
008722
008727
008730
008739
008744
008745
008746
008748
008750
008751
008752
008758
008765
008768
008771
008772
008773
008774
008776
008777
008779
008780
008787
008788
008789
008791
008795
008796
008801
008804
008807
008810
008818
008825
008828
008831
008832
008835
008836
008838
008839
008840
008846
008851
008852
008856
008870
008871
008876
008877
008881
008884
008886
008887
008890
008901
008910
008911
008912
008914
008918
008919
008921
008922
008925
008934
008935
008937
008941
008942
008943
008946
008948
008955
008957
008960
008961
008963
008964
008968
008975
008976
008980
008987
008988
008989
008991
008993
008997
008999
009002
009003
009007
009012
009016
009018
009026
009027
009033
009034
009036
009037
009043
009050
009055
009057
009058
009062
009064
009070
009073
009075
009077
009081
009082
009083
009084
009086
009087
009092
009095
009101
009104
009105
009106
009109
009113
009114
009118
009125
009130
009136
009143
009144
009146
009150
009152
009162
009164
009165
009167
009168
009170
009173
009175
009179
009180
009182
009186
009188
009191
009192
009194
009196
009199
009200
009203
009204
009205
009208
009209
009217
009218
009222
009225
009230
009231
009234
009235
009236
009242
009247
009250
009261
009263
009265
009266
009267
009268
009269
009271
009272
009275
009278
009283
009291
009293
009296
009303
009316
009317
009318
009319
009323
009324
009325
009326
009327
009331
009332
009335
009339
009344
009345
009346
009347
009348
009350
009352
009353
009354
009355
009357
009359
009361
009363
009364
009365
009366
009369
009370
009374
009378
009381
009386
009387
009388
009389
009390
009391
009392
009394
009396
009401
009403
009406
009407
009408
009411
009417
009418
009421
009423
009424
009425
009429
009432
009433
009434
009439
009440
009441
009447
009450
009455
009461
009462
009465
009466
009467
009473
009485
009486
009488
009489
009491
009500
009505
009512
009517
009521
009522
009525
009530
009533
009534
009535
009536
009537
009540
009543
009546
009547
009551
009554
009555
009559
009561
009567
009569
009572
009574
009578
009580
009581
009582
009587
009588
009597
009598
009599
009601
009602
009603
009604
009607
009611
009618
009619
009620
009621
009622
009624
009625
009626
009627
009630
009632
009633
009635
009640
009642
009643
009646
009648
009649
009650
009654
009656
009662
009664
009667
009670
009671
009675
009678
009684
009689
009691
009692
009693
009695
009696
009698
009700
009701
009703
009705
009709
009711
009712
009713
009718
009719
009720
009721
009725
009728
009729
009734
009737
009738
009739
009743
009745
009746
009747
009748
009749
009752
009753
009770
009771
009776
009780
009784
009788
009789
009792
009797
009799
009801
009804
009805
009806
009811
009814
009817
009819
009827
009829
009830
009832
009833
009836
009837
009845
009847
009848
009849
009851
009852
009854
009858
009863
009865
009870
009871
009880
009883
009884
009886
009888
009889
009892
009897
009898
009899
009904
009906
009909
009911
009921
009924
009925
009930
009933
009934
009939
009946
009952
009955
009959
009960
009962
009963
009964
009965
009966
009967
009973
009975
009976
009977
009980
009988
009989
009993
009997
010000
010001
010005
010006
010007
010008
010014
010021
010022
010024
010025
010031
010033
010035
010037
010039
010040
010044
010045
010047
010052
010056
010057
010066
010068
010069
010070
010071
010075
010081
010086
010087
010091
010093
010098
010104
010105
010106
010110
010112
010113
010114
010115
010116
010119
010126
010130
010131
010132
010136
010146
010148
010152
010159
010160
010161
010165
010168
010169
010170
010173
010177
010181
010184
010189
010191
010192
010196
010202
010204
010205
010206
010207
010209
010211
010212
010217
010218
010226
010228
010230
010233
010234
010242
010246
010248
010250
010251
010255
010268
010271
010272
010277
010281
010290
010297
010299
010305
010309
010311
010314
010316
010318
010321
010322
010324
010331
010332
010333
010336
010338
010339
010344
010348
010349
010350
010358
010361
010362
010364
010367
010369
010371
010384
010386
010387
010388
010392
010399
010401
010402
010403
010408
010415
010416
010423
010425
010426
010431
010432
010435
010441
010442
010443
010445
010450
010453
010454
010458
010460
010470
010471
010473
010478
010480
010485
010486
010491
010498
010501
010508
010511
010512
010513
010516
010518
010520
010521
010524
010525
010527
010528
010529
010531
010533
010534
010538
010542
010544
010546
010547
010558
010561
010565
010566
010570
010575
010581
010584
010587
010588
010589
010590
010593
010595
010599
010600
010601
010603
010608
010609
010610
010613
010614
010618
010619
010628
010631
010635
010636
010637
010638
010639
010642
010645
010649
010655
010657
010665
010667
010670
010671
010672
010678
010681
010684
010688
010693
010696
010700
010702
010708
010709
010710
010713
010719
010724
010726
010727
010729
010730
010733
010734
010739
010742
010744
010746
010750
010751
010753
010755
010757
010759
010760
010762
010772
010773
010774
010779
010783
010784
010785
010786
010787
010790
010791
010794
010802
010804
010808
010811
010812
010816
010818
010821
010830
010833
010841
010843
010844
010849
010852
010855
010857
010868
010871
010872
010877
010879
010882
010898
010903
010915
010916
010917
010921
010924
010934
010935
010936
010937
010943
010948
010950
010951
010953
010957
010960
010966
010983
010989
010990
010995
010996
010997
011001
011007
011009
011013
011014
011021
011023
011028
011032
011039
011040
011041
011046
011051
011055
011056
011059
011063
011065
011067
011073
011076
011077
011082
011084
011089
011094
011096
011238
011239
011240
011242
011243
011245
011247
011248
011249
011250
011251
011252
011253
011254
011255
011257
011258
011259
011260
011261
011262
011264
011265
011266
011267
011268
011269
011270
011271
011272
011273
011274
011275
011276
011277
011278
011279
011280
011282
011283
011284
011285
011286
011287
011288
011289
011290
011291
011292
011293
011294
011295
011296
011297
011298
011299
011300
011301
011302
011303
011304
011305
011306
011307
011308
011309
011310
011311
011312
011313
011315
011316
011317
011318
011320
011321
011322
011323
011324
011325
011326
011327
011328
011329
011330
011331
011332
011333
011334
011335
011336
011337
011338
011339
011340
011341
011342
011343
011344
011345
011346
011347
011348
011349
011350
011351
011352
011353
011354
011355
011356
011358
011359
011360
011361
011362
011364
011365
011366
011368
011369
011370
011371
011372
011373
011374
011375
011376
011377
011378
011379
011380
011381
011385
011386
011387
011388
011389
011390
011391
011394
011395
011396
011398
011402
011403
011406
011407
011408
011409
011412
011415
011419
011420
011421
011422
011424
011425
011426
011427
011428
011430
011434
011435
011438
011439
011440
011441
011443
011444
011445
011447
011450
011451
011452
011453
011454
011456
011457
011458
011459
011460
011462
011463
011464
011465
011467
011470
011472
011474
011475
011477
011478
011480
011482
011483
011485
011488
011493
011494
011498
011500
011501
011503
011505
011507
011508
011509
011510
011511
011522
011524
011525
011529
011530
011531
011532
011538
011540
011541
011543
011545
011547
011549
011552
011553
011554
011555
011556
011557
011558
011559
011561
011562
011564
011566
011568
011569
011570
011571
011572
011573
011574
011575
011576
011578
011580
011581
011582
011583
011584
011586
011587
011588
011590
011594
011596
011598
011600
011602
011603
011604
011605
011606
011607
011608
011609
011610
011611
011612
011613
011614
011615
011616
011618
011619
011620
011622
011623
011624
011628
011631
011632
011633
011636
011638
011639
011640
011641
011643
011644
011645
011649
011650
011652
011653
011654
011656
011658
011659
011660
011661
011662
011663
011666
011669
011670
011671
011673
011678
011679
011680
011683
011684
011685
011686
011687
011689
011690
011691
011693
011694
011699
011700
011701
011702
011703
011705
011707
011708
011709
011711
011712
011713
011715
011716
011717
011720
011722
011724
011726
011727
011729
011730
011731
011732
011733
011735
011736
011738
011741
011742
011743
011744
011746
011747
011749
011750
011751
011753
011754
011758
011759
011761
011762
011763
011764
011766
011768
011769
011770
011772
011774
011777
011778
011779
011780
011785
011786
011787
011788
011790
011791
011794
011796
011799
011800
011802
011804
011805
011807
011810
011811
011813
011817
011819
011822
011823
011824
011825
011827
011828
011830
011831
011834
011835
011838
011839
011842
011844
011846
011848
011849
011851
011853
011854
011857
011858
011859
011860
011861
011862
011864
011865
011866
011867
011868
011869
011870
011871
011872
011873
011875
011877
011879
011880
011881
011882
011883
011884
011885
011886
011887
011888
011889
011891
011892
011893
011894
011895
011897
011899
011904
011907
011908
011909
011910
011911
011913
011915
011916
011919
011920
011921
011922
011923
011924
011925
011930
011932
011935
011937
011938
011940
011941
011942
011943
011944
011945
011946
011949
011950
011951
011952
011953
011954
011955
011957
011958
011959
011960
011961
011963
011968
011969
011970
011971
011973
011975
011977
011980
011981
011983
011984
011985
011986
011987
011990
011993
011994
011995
011996
011998
012000
012001
012004
012005
012006
012008
012011
012012
012013
012015
012017
012020
012021
012022
012023
012025
012028
012031
012032
012034
012035
012036
012037
012038
012042
012043
012045
012047
012048
012050
012051
012052
012054
012058
012059
012060
012061
012062
012063
012068
012073
012074
012075
012076
012078
012081
012084
012085
012087
012091
012092
012093
012095
012099
012100
012103
012104
012105
012110
012112
012114
012116
012117
012119
012120
012121
012122
012124
012126
012129
012130
012131
012134
012136
012137
012139
012142
012144
012146
012147
012149
012150
012151
012153
012154
012155
012157
012160
012161
012164
012165
012166
012167
012169
012170
012172
012173
012174
012176
012177
012179
012181
012182
012183
012184
012185
012187
012188
012189
012190
012192
012194
012195
012199
012200
012201
012204
012205
012206
012208
012209
012210
012211
012212
012213
012214
012215
012217
012219
012221
012222
012223
012224
012227
012228
012229
012232
012233
012236
012237
012238
012242
012243
012245
012246
012247
012248
012250
012251
012255
012258
012260
012262
012264
012265
012267
012269
012270
012271
012272
012273
012274
012276
012277
012281
012282
012285
012286
012289
012290
012291
012292
012293
012294
012295
012296
012297
012298
012300
012302
012305
012306
012308
012309
012311
012313
012314
012316
012317
012318
012319
012320
012325
012326
012327
012328
012329
012330
012332
012333
012335
012337
012339
012340
012341
012342
012345
012346
012348
012349
012352
012353
012355
012356
012357
012360
012364
012365
012366
012367
012370
012371
012373
012374
012375
012376
012378
012379
012380
012381
012382
012383
012384
012385
012387
012388
012389
012390
012391
012393
012396
012398
012400
012401
012402
012407
012409
012410
012411
012412
012413
012415
012416
012420
012421
012423
012424
012427
012428
012429
012430
012431
012432
012434
012435
012436
012437
012438
012440
012442
012444
012445
012446
012447
012449
012450
012451
012455
012456
012457
012458
012459
012461
012462
012463
012464
012465
012468
012470
012472
012473
012474
012476
012477
012478
012479
012480
012481
012484
012485
012486
012487
012490
012492
012493
012495
012496
012497
012498
012502
012504
012505
012510
012511
012512
012514
012515
012516
012518
012519
012521
012524
012526
012527
012528
012529
012530
012531
012532
012534
012538
012539
012540
012543
012544
012545
012546
012550
012551
012552
012557
012558
012559
012560
012561
012562
012563
012564
012566
012568
012571
012573
012574
012575
012576
012577
012578
012579
012580
012581
012582
012583
012585
012586
012587
012589
012590
012592
012594
012596
012597
012599
012600
012601
012603
012604
012606
012607
012608
012610
012611
012612
012613
012615
012618
012619
012622
012624
012625
012628
012629
012631
012632
012633
012635
012636
012637
012638
012640
012641
012642
012644
012645
012647
012648
012650
012654
012655
012658
012661
012665
012668
012670
012672
012673
012675
012679
012680
012681
012682
012685
012686
012687
012688
012690
012695
012696
012698
012699
012701
012702
012703
012706
012708
012709
012710
012712
012713
012714
012717
012719
012721
012722
012724
012727
012730
012733
012734
012735
012738
012740
012741
012742
012743
012744
012745
012746
012748
012750
012752
012753
012754
012756
012758
012760
012761
012762
012767
012768
012770
012771
012773
012775
012776
012777
012778
012779
012780
012782
012784
012786
012787
012788
012789
012791
012793
012794
012795
012796
012797
012799
012800
012801
012802
012804
012807
012808
012811
012812
012814
012815
012816
012819
012820
012821
012822
012823
012824
012827
012830
012834
012835
012837
012838
012839
012840
012841
012845
012848
012851
012854
012855
012856
012857
012858
012865
012866
012869
012874
012875
012876
012877
012878
012879
012880
012882
012884
012885
012887
012889
012890
012892
012893
012896
012899
012903
012904
012905
012906
012909
012911
012912
012914
012917
012918
012919
012922
012925
012926
012930
012931
012932
012933
012934
012935
012939
012941
012942
012944
012945
012947
012949
012950
012951
012952
012956
012957
012958
012959
012961
012962
012965
012967
012968
012969
012972
012973
012974
012977
012978
012980
012981
012986
012987
012989
012990
012991
012992
012993
012994
012995
012996
012997
012998
012999
013000
013001
013002
013004
013008
013010
013011
013012
013013
013014
013016
013018
013020
013021
013023
013024
013025
013028
013030
013031
013032
013034
013035
013036
013038
013039
013040
013042
013052
013053
013054
013055
013056
013058
013061
013063
013072
013073
013074
013076
013077
013080
013082
013083
013084
013087
013088
013094
013097
013099
013100
013101
013105
013106
013108
013109
013110
013111
013112
013115
013116
013118
013119
013120
013123
013124
013125
013127
013128
013130
013131
013132
013137
013138
013139
013141
013142
013143
013144
013146
013148
013149
013150
013151
013153
013154
013155
013158
013160
013161
013162
013165
013166
013170
013173
013175
013178
013181
013182
013183
013184
013185
013186
013188
013189
013190
013191
013194
013195
013197
013198
013199
013200
013202
013203
013204
013205
013206
013207
013208
013211
013212
013214
013215
013216
013217
013219
013220
013222
013223
013224
013227
013229
013230
013231
013232
013234
013235
013236
013237
013238
013239
013241
013243
013244
013245
013246
013247
013248
013251
013252
013253
013256
013257
013259
013260
013261
013262
013264
013266
013267
013268
013270
013271
013274
013275
013276
013278
013279
013281
013283
013284
013287
013288
013289
013290
013291
013292
013293
013294
013295
013298
013299
013304
013305
013306
013307
013308
013309
013310
013311
013312
013314
013315
013316
013318
013319
013320
013321
013322
013323
013324
013325
013327
013328
013330
013334
013335
013336
013338
013339
013343
013344
013346
013348
013349
013350
013353
013354
013355
013357
013358
013359
013360
013361
013362
013363
013364
013365
013366
013367
013368
013369
013370
013373
013375
013377
013378
013379
013380
013381
013382
013386
013389
013390
013391
013392
013393
013396
013397
013398
013400
013401
013402
013404
013405
013407
013408
013409
013410
013411
013412
013413
013416
013419
013420
013421
013422
013424
013425
013427
013428
013431
013434
013435
013436
013437
013438
013439
013440
013441
013443
013445
013450
013451
013453
013454
013457
013458
013459
013460
013461
013463
013464
013465
013467
013468
013469
013470
013471
013472
013473
013474
013475
013476
013478
013479
013480
013485
013487
013488
013489
013494
013495
013496
013497
013499
013500
013502
013503
013504
013505
013506
013507
013512
013513
013514
013515
013516
013518
013519
013522
013528
013529
013530
013531
013532
013533
013534
013537
013538
013540
013541
013542
013543
013544
013545
013547
013549
013550
013551
013552
013555
013557
013558
013560
013561
013562
013563
013564
013567
013568
013573
013575
013576
013578
013579
013580
013581
013582
013583
013584
013586
013588
013590
013595
013597
013598
013599
013600
013603
013607
013608
013609
013610
013612
013614
013615
013617
013618
013619
013620
013621
013625
013626
013628
013629
013633
013634
013637
013638
013639
013640
013642
013643
013647
013648
013649
013650
013652
013653
013656
013658
013661
013663
013666
013668
013669
013670
013671
013672
013675
013677
013678
013679
013680
013681
013682
013684
013685
013686
013687
013688
013689
013690
013692
013694
013695
013696
013697
013698
013700
013701
013702
013704
013705
013707
013708
013710
013711
013712
013713
013715
013716
013717
013718
013719
013720
013721
013722
013724
013727
013729
013730
013731
013732
013734
013735
013736
013737
013739
013740
013741
013743
013744
013745
013747
013749
013752
013754
013755
013756
013758
013759
013760
013761
013764
013765
013766
013767
013768
013769
013771
013773
013774
013776
013777
013779
013780
013781
013783
013785
013788
013789
013790
013791
013792
013794
013795
013796
013798
013801
013803
013805
013809
013810
013812
013814
013815
013816
013818
013819
013821
013824
013825
013826
013827
013828
013829
013830
013833
013835
013837
013841
013842
013843
013846
013847
013850
013851
013854
013855
013858
013859
013862
013863
013865
013869
013870
013873
013874
013876
013877
013878
013879
013880
013882
013883
013885
013886
013888
013892
013894
013896
013899
013901
013904
013907
013909
013910
013911
013912
013913
013914
013915
013917
013918
013921
013922
013923
013924
013927
013929
013931
013933
013934
013936
013937
013938
013939
013940
013943
013946
013947
013949
013952
013954
013955
013956
013959
013961
013962
013963
013964
013965
013966
013967
013968
013969
013970
013971
013973
013975
013976
013980
013982
013983
013984
013986
013989
013990
013991
013993
013996
013997
014001
014002
014003
014004
014005
014006
014007
014008
014009
014012
014013
014014
014015
014019
014024
014026
014027
014028
014030
014031
014033
014038
014039
014040
014041
014042
014043
014044
014046
014048
014050
014051
014052
014054
014057
014059
014061
014062
014063
014064
014065
014066
014067
014068
014069
014070
014071
014072
014073
014074
014075
014077
014078
014080
014081
014082
014083
014085
014087
014088
014089
014090
014091
014092
014093
014095
014097
014098
014101
014102
014103
014104
014105
014106
014107
014109
014110
014111
014112
014113
014115
014116
014117
014118
014119
014120
014122
014123
014124
014125
014126
014127
014128
014131
014132
014133
014134
014135
014136
014137
014138
014140
014141
014142
014143
014144
014145
014147
014149
014151
014152
014153
014154
014155
014156
014157
014159
014160
014161
014163
014164
014165
014166
014170
014171
014172
014174
014175
014176
014177
014178
014181
014182
014183
014184
014185
014186
014187
014188
014189
014190
014191
014192
014193
014194
014195
014196
014198
014200
014201
014202
014203
014204
014205
014206
014208
014209
014210
014211
014212
014213
014214
014215
014216
014218
014219
014220
014221
014222
014224
014225
014227
014228
014229
014230
014232
014234
014235
014236
014237
014240
014242
014243
014244
014245
014246
014247
014248
014249
014250
014251
014253
014255
014256
014257
014258
014259
014260
014261
014262
014263
014264
014265
014266
014267
014268
014270
014271
014272
014273
014274
014276
014277
014278
014279
014280
014282
014284
014285
014286
014287
014288
014290
014291
014292
014293
014294
014295
014296
014297
014298
014299
014300
014301
014303
014305
014306
014308
014309
014311
014314
014315
014316
014317
014318
014321
014322
014323
014324
014325
014327
014328
014329
014330
014331
014332
014334
014335
014336
014337
014338
014339
014340
014341
014342
014343
014344
014345
014346
014347
014348
014350
014351
014352
014353
014354
014355
014356
014357
014358
014362
014363
014366
014367
014368
014370
014371
014372
014373
014374
014375
014376
014377
014378
014379
014380
014383
014384
014386
014387
014388
014389
014390
014391
014393
014396
014397
014398
014399
014400
014401
014402
014403
014405
014406
014407
014408
014409
014411
014412
014413
014415
014416
014417
014418
014419
014420
014424
014425
014426
014427
014428
014429
014430
014431
014432
014433
014434
014435
014436
014437
014438
014439
014440
014441
014442
014443
014445
014447
014448
014449
014451
014452
014453
014454
014455
014456
014457
014458
014459
014460
014461
014462
014463
014464
014465
014466
014468
014469
014472
014473
014474
014475
014476
014477
014478
014479
014480
014482
014483
014484
014487
014488
014489
014491
014493
014494
014496
014498
014499
014500
014501
014503
014504
014505
014506
014507
014508
014509
014511
014512
014513
014515
014516
014517
014518
014519
014521
014522
014523
014524
014525
014526
014529
014530
014531
014533
014534
014536
014537
014539
014540
014541
014542
014543
014544
014545
014546
014548
014549
014551
014552
014555
014556
014560
014561
014562
014564
014565
014566
014567
014568
014569
014570
014571
014572
014573
014574
014575
014576
014577
014579
014581
014582
014583
014585
014586
014587
014590
014592
014594
014595
014596
014598
014599
014600
014601
014603
014605
014606
014607
014608
014609
014610
014611
014612
014613
014614
014615
014620
014621
014624
014626
014627
014628
014630
014631
014632
014633
014634
014635
014636
014637
014638
014639
014640
014641
014642
014643
014644
014646
014647
014649
014651
014653
014655
014656
014657
014658
014659
014660
014661
014662
014663
014664
014665
014666
014668
014670
014671
014672
014674
014676
014678
014679
014681
014682
014683
014684
014686
014687
014690
014691
014692
014694
014695
014696
014697
014699
014700
014701
014702
014703
014704
014705
014706
014707
014708
014709
014710
014711
014712
014713
014714
014717
014718
014719
014720
014722
014723
014724
014725
014726
014727
014728
014729
014730
014731
014732
014733
014734
014736
014737
014739
014741
014742
014744
014745
014746
014747
014748
014749
014750
014752
014753
014755
014757
014758
014759
014760
014761
014762
014767
014770
014771
014772
014774
014775
014777
014778
014779
014780
014781
014782
014783
014784
014785
014786
014787
014788
014789
014790
014791
014792
014793
014794
014795
014796
014797
014799
014800
014801
014802
014803
014805
014806
014807
014808
014809
014810
014812
014813
014814
014816
014817
014818
014820
014821
014823
014825
014826
014827
014828
014829
014830
014831
014832
014833
014835
014836
014837
014838
014839
014840
014841
014842
014843
014845
014847
014849
014851
014852
014854
014855
014862
014866
014870
014871
014876
014877
014879
014881
014882
014891
014895
014908
014914
014918
014927
014929
014930
014934
014942
014943
014946
014950
014951
014966
014967
014968
014969
014973
014979
014982
014983
014991
014993
014997
014999
015000
015004
015006
015010
015011
015013
015015
015022
015025
015027
015033
015035
015054
015055
015060
015062
015066
015068
015085
015089
015096
015097
015098
015100
015104
015108
015111
015112
015115
015116
015117
015122
015124
015126
015127
015128
015130
015135
015136
015137
015138
015139
015140
015141
015142
015143
015144
015145
015146
015147
015148
015149
015150
015151
015152
015153
015154
015155
015156
015157
015158
015159
015160
015161
015162
015163
015164
015165
015166
015167
015168
015169
015170
015171
015172
015173
015174
015175
015176
015177
015178
015179
015180
015181
015182
015183
015184
015185
015186
015187
015188
015189
015190
015191
015192
015193
015194
015195
015196
015197
015198
015199
015200
015201
015202
015203
015204
015205
015206
015207
015208
015209
015210
015211
015212
015213
015214
015215
015216
015217
015218
015219
015220
015221
015222
015223
015224
015225
015226
015227
015228
015229
015230
015231
015232
015233
015234
015235
015236
015237
015238
015239
015240
015241
015242
015243
015244
015245
015246
015247
015248
015249
015250
015251
015252
015253
015254
015255
015256
015257
015258
015259
015260
015261
015262
015263
015264
015265
015266
015267
015268
015269
015270
015271
015272
015273
015274
015275
015276
015277
015278
015279
015280
015281
015282
015283
015284
015285
015286
015287
015288
015289
015290
015291
015292
015293
015294
015295
015296
015297
015298
015299
015300
015301
015302
015303
015304
015305
015306
015307
015308
015309
015310
015317
015322
015332
015339
015343
015347
015350
015351
015353
015357
015360
015362
015381
015395
015396
015420
015423
015432
015434
015454
015459
015461
015464
015468
015471
015499
015509
015510
015516
015527
015532
015534
015537
015563
015570
015575
015580
015587
015600
015607
015628
015639
015645
015651
015662
015663
015664
015680
015684
015685
015686
015697
015709
015714
015722
015737
015739
015740
015744
015746
015748
015772
015779
015806
015814
015821
015838
015848
015866
015872
015874
015876
015884
015895
015905
015906
015935
015938
015939
015942
015966
015970
015971
015984
015990
015997
016001
016002
016006
016009
016013
016016
016018
016034
016035
016040
016048
016058
016060
016061
016066
016081
016082
016086
016094
016108
016111
016116
016122
016123
016126
016127
016128
016138
016145
016152
016163
016170
016177
016182
016183
016190
016198
016199
016204
016217
016218
016223
016232
016237
016238
016246
016265
016271
016274
016276
016279
016280
016291
016297
016306
016313
016321
016323
016328
016335
016336
016338
016343
016344
016346
016362
016374
016376
016382
016400
016404
016411
016412
016418
016422
016427
016428
016431
016443
016454
016465
016468
016482
016499
016507
016513
016517
016523
016527
016528
016534
016539
016542
016544
016556
016571
016602
016606
016609
016613
016631
016632
016633
016638
016644
016646
016662
016664
016666
016671
016681
016682
016689
016698
016708
016749
016754
016771
016809
016819
016823
016842
016843
016853
016857
016860
016869
016879
016885
016904
016905
016908
016911
016912
016916
016926
016936
016938
016942
016947
016952
016956
016959
016975
017014
017023
017027
017031
017034
017051
017058
017067
017071
017077
017083
017085
017087
017110
017132
017137
017140
017148
017155
017166
017175
017178
017186
017214
017220
017227
017232
017243
017253
017254
017284
017289
017291
017294
017299
017303
017319
017321
017325
017334
017356
017360
017364
017373
017396
017402
017416
017419
017426
017431
017432
017433
017444
017446
017447
017448
017461
017462
017463
017471
017472
017479
017483
017485
017490
017493
017506
017508
017524
017526
017530
017536
017562
017569
017570
017618
017631
017644
017649
017652
017657
017658
017665
017671
017682
017693
017696
017705
017713
017728
017729
017730
017740
017741
017745
017750
017756
017765
017769
017781
017790
017791
017804
017806
017808
017810
017813
017818
017821
017838
017840
017860
017864
017878
017894
017916
017924
017934
017935
017946
017949
017957
017975
017980
017983
017985
017998
018003
018007
018013
018019
018023
018031
018048
018057
018058
018080
018084
018091
018108
018109
018110
018122
018130
018134
018136
018138
018143
018152
018178
018189
018205
018206
018211
018212
018214
018223
018225
018227
018228
018231
018241
018256
018282
018285
018287
018292
018300
018303
018309
018321
018330
018343
018345
018347
018355
018362
018366
018372
018384
018388
018389
018396
018397
018408
018432
018436
018439
018440
018441
018468
018472
018488
018492
018495
018497
018504
018505
018511
018516
018526
018535
018545
018554
018557
018563
018594
018600
018615
018617
018631
018638
018639
018641
018674
018681
018702
018710
018713
018723
018724
018737
018740
018745
018755
018763
018776
018780
018803
018811
018813
018819
018824
018859
018863
018885
018889
018890
018892
018911
018920
018940
018944
018949
018954
018955
018960
018961
018962
018967
018977
018978
018980
018988
019003
019005
019014
019021
019027
019035
019042
019053
019062
019065
019073
019078
019085
019086
019089
019091
019092
019114
019116
019119
019125
019143
019152
019154
019175
019181
019197
019212
019215
019216
019222
019225
019230
019242
019255
019262
019267
019281
019283
019285
019290
019292
019301
019314
019318
019321
019342
019343
019346
019363
019365
019390
019398
019402
019406
019413
019414
019416
019419
019424
019431
019434
019453
019466
019474
019481
019491
